nem 2   mac RxSlotStatusTable
| Index | Frame | Slot | Valid | Missed | Idle | Tx | Long | Freq | Lock | .25 | .50 | .75 | 1.0 | 1.25 | 1.50 | 1.75 | >1.75 |
| 0     | 0     | 0    | 0     | 67     | 0    | 0  | 0    | 0    | 0    | 0   | 0   | 0   | 0   | 43   | 18   | 3    | 3     |
| 1     | 0     | 1    | 0     | 1      | 0    | 0  | 0    | 0    | 0    | 0   | 0   | 0   | 0   | 1    | 0    | 0    | 0     |
| 2     | 0     | 2    | 1     | 0      | 0    | 0  | 0    | 0    | 0    | 0   | 0   | 1   | 0   | 0    | 0    | 0    | 0     |
| 4     | 0     | 4    | 345   | 0      | 0    | 0  | 0    | 0    | 0    | 0   | 84  | 171 | 90  | 0    | 0    | 0    | 0     |
| 5     | 0     | 5    | 0     | 47     | 0    | 0  | 0    | 0    | 0    | 0   | 0   | 0   | 0   | 26   | 12   | 4    | 5     |
| 6     | 0     | 6    | 1     | 0      | 0    | 0  | 0    | 0    | 0    | 0   | 0   | 0   | 1   | 0    | 0    | 0    | 0     |
| 8     | 0     | 8    | 340   | 0      | 0    | 0  | 0    | 0    | 0    | 0   | 12  | 203 | 125 | 0    | 0    | 0    | 0     |

