nem 2   mac RxSlotStatusTable
| Index | Frame | Slot | Valid | Missed | Idle | Tx | Long | Freq | Lock | .25 | .50 | .75 | 1.0 | 1.25 | 1.50 | 1.75 | >1.75 |
| 0     | 0     | 0    | 1     | 40     | 0    | 0  | 0    | 0    | 0    | 0   | 0   | 1   | 0   | 26   | 8    | 2    | 4     |
| 1     | 0     | 1    | 0     | 3      | 0    | 0  | 0    | 0    | 0    | 0   | 0   | 0   | 0   | 1    | 0    | 0    | 2     |
| 2     | 0     | 2    | 0     | 1      | 0    | 0  | 0    | 0    | 0    | 0   | 0   | 0   | 0   | 0    | 0    | 0    | 1     |
| 3     | 0     | 3    | 0     | 2      | 0    | 0  | 1    | 0    | 0    | 0   | 0   | 0   | 1   | 0    | 1    | 0    | 1     |
| 4     | 0     | 4    | 363   | 1      | 0    | 0  | 0    | 0    | 0    | 0   | 75  | 218 | 70  | 0    | 0    | 0    | 1     |
| 5     | 0     | 5    | 0     | 28     | 0    | 0  | 0    | 0    | 0    | 0   | 0   | 0   | 2   | 16   | 7    | 2    | 1     |
| 6     | 0     | 6    | 1     | 1      | 0    | 0  | 0    | 0    | 0    | 0   | 0   | 0   | 1   | 0    | 0    | 0    | 1     |
| 7     | 0     | 7    | 0     | 2      | 0    | 0  | 0    | 0    | 0    | 0   | 0   | 0   | 0   | 0    | 0    | 1    | 1     |
| 8     | 0     | 8    | 363   | 0      | 0    | 0  | 0    | 0    | 0    | 0   | 78  | 223 | 62  | 0    | 0    | 0    | 0     |

